ZoneConstructible ;0.0 ; 0.0 ; 100.0 ; 100.0
Force ; 0 ; 0.0 ; -1.5707963267948966
Force ; 0 ; 0.0 ; -1.5707963267948966
Force ; 0 ; 0.0 ; -1.5707963267948966
Force ; 0 ; 0.0 ; -1.5707963267948966
Force ; 0 ; 0.0 ; -1.5707963267948966
Force ; 0 ; 0.0 ; -1.5707963267948966
Force ; 0 ; 0.0 ; -1.5707963267948966
Force ; 0 ; 0.0 ; -1.5707963267948966
Force ; 0 ; 0.0 ; -1.5707963267948966
Force ; 0 ; 0.0 ; -1.5707963267948966
Force ; 0 ; 0.0 ; -1.5707963267948966
Force ; 1 ; 0.0 ; -1.5707963267948966
TypeBarre ; 0 ; Rond ; 200.0 ; -100.0 ; 50.0 ; Fer ; 1500.0
TypeBarre ; 0 ; Rond ; 200.0 ; -100.0 ; 50.0 ; Fer ; 1500.0
TypeBarre ; 0 ; Rond ; 200.0 ; -100.0 ; 50.0 ; Fer ; 1500.0
TypeBarre ; 0 ; Rond ; 200.0 ; -100.0 ; 50.0 ; Fer ; 1500.0
TypeBarre ; 0 ; Rond ; 200.0 ; -100.0 ; 50.0 ; Fer ; 1500.0
TypeBarre ; 0 ; Rond ; 200.0 ; -100.0 ; 50.0 ; Fer ; 1500.0
TypeBarre ; 0 ; Rond ; 200.0 ; -100.0 ; 50.0 ; Fer ; 1500.0
TypeBarre ; 0 ; Rond ; 200.0 ; -100.0 ; 50.0 ; Fer ; 1500.0
TypeBarre ; 0 ; Rond ; 200.0 ; -100.0 ; 50.0 ; Fer ; 1500.0
TypeBarre ; 0 ; Rond ; 200.0 ; -100.0 ; 50.0 ; Fer ; 1500.0
TypeBarre ; 0 ; Rond ; 200.0 ; -100.0 ; 50.0 ; Fer ; 1500.0
TypeBarre ; 0 ; Rond ; 200.0 ; -100.0 ; 50.0 ; Fer ; 1500.0
TypeBarre ; 0 ; Rond ; 200.0 ; -100.0 ; 50.0 ; Fer ; 1500.0
TypeBarre ; 0 ; Rond ; 200.0 ; -100.0 ; 50.0 ; Fer ; 1500.0
TypeBarre ; 0 ; Rond ; 200.0 ; -100.0 ; 50.0 ; Fer ; 1500.0
TypeBarre ; 0 ; Rond ; 200.0 ; -100.0 ; 50.0 ; Fer ; 1500.0
TypeBarre ; 0 ; Rond ; 200.0 ; -100.0 ; 50.0 ; Fer ; 1500.0
TypeBarre ; 0 ; Rond ; 200.0 ; -100.0 ; 50.0 ; Fer ; 1500.0
TypeBarre ; 0 ; Rond ; 200.0 ; -100.0 ; 50.0 ; Fer ; 1500.0
TypeBarre ; 0 ; Rond ; 200.0 ; -100.0 ; 50.0 ; Fer ; 1500.0
Point ; 0 ; 67.0 ; 405.0 ; 0.0 ; 0.0 ; 0.0
Point ; 1 ; 178.0 ; 568.0 ; 0.0 ; 0.0 ; 0.0
Point ; 2 ; 1260.0 ; 560.0 ; 0.0 ; 0.0 ; 0.0
Point ; 3 ; 1436.0 ; 394.0 ; 0.0 ; 0.0 ; 0.0
Segment ; 0  ; 0 ; 1 ; 0.0 ; 0.0 ; 0.0
Segment ; 1  ; 2 ; 3 ; 0.0 ; 0.0 ; 0.0
AppuiSimple ; 0 ; 0 ; 1 ; 0.8409090909090906 ; 0 ; 0.0 ; 0.0 ; 0.0
AppuiDouble ; 1 ; 0 ; 1 ; 0.2329545454545453 ; 0 ; 0.0 ; 0.0 ; 0.0
AppuiDouble ; 2 ; 0 ; 0 ; 0.7300613496932514 ; 0 ; 0.0 ; 0.0 ; 0.0
NoeudSimple ; 3 ; 0 ; 284.0 ; 244.0 ; 0 ; 0.0 ; 0.0 ; 0.0
NoeudSimple ; 4 ; 0 ; 511.0 ; 246.0 ; 0 ; 0.0 ; 0.0 ; 0.0
NoeudSimple ; 5 ; 0 ; 708.0 ; 249.0 ; 0 ; 0.0 ; 0.0 ; 0.0
NoeudSimple ; 6 ; 0 ; 885.0 ; 244.0 ; 0 ; 0.0 ; 0.0 ; 0.0
NoeudSimple ; 7 ; 0 ; 1084.0 ; 241.0 ; 0 ; 0.0 ; 0.0 ; 0.0
NoeudSimple ; 8 ; 0 ; 424.0 ; 459.0 ; 0 ; 0.0 ; 0.0 ; 0.0
NoeudSimple ; 9 ; 0 ; 623.0 ; 446.0 ; 0 ; 0.0 ; 0.0 ; 0.0
NoeudSimple ; 10 ; 0 ; 822.0 ; 437.0 ; 0 ; 0.0 ; 0.0 ; 0.0
NoeudSimple ; 11 ; 0 ; 1040.0 ; 419.0 ; 1 ; 0.0 ; 0.0 ; 0.0
Barre ; 0 ; 0 ; 0 ; 2 ; 3 ; 0.0 ; 0.501960813999176 ; 0.0
Barre ; 1 ; 0 ; 0 ; 3 ; 4 ; 0.0 ; 0.501960813999176 ; 0.0
Barre ; 2 ; 0 ; 0 ; 4 ; 5 ; 0.0 ; 0.501960813999176 ; 0.0
Barre ; 3 ; 0 ; 0 ; 5 ; 6 ; 0.0 ; 0.501960813999176 ; 0.0
Barre ; 4 ; 0 ; 0 ; 6 ; 7 ; 0.0 ; 0.501960813999176 ; 0.0
Barre ; 5 ; 0 ; 0 ; 7 ; 0 ; 0.0 ; 0.501960813999176 ; 0.0
Barre ; 6 ; 0 ; 0 ; 7 ; 1 ; 0.0 ; 0.501960813999176 ; 0.0
Barre ; 7 ; 0 ; 0 ; 1 ; 11 ; 0.0 ; 0.501960813999176 ; 0.0
Barre ; 8 ; 0 ; 0 ; 11 ; 10 ; 0.0 ; 0.501960813999176 ; 0.0
Barre ; 9 ; 0 ; 0 ; 10 ; 9 ; 0.0 ; 0.501960813999176 ; 0.0
Barre ; 10 ; 0 ; 0 ; 9 ; 8 ; 0.0 ; 0.501960813999176 ; 0.0
Barre ; 11 ; 0 ; 0 ; 8 ; 2 ; 0.0 ; 0.501960813999176 ; 0.0
Barre ; 12 ; 0 ; 0 ; 3 ; 8 ; 0.0 ; 0.501960813999176 ; 0.0
Barre ; 13 ; 0 ; 0 ; 8 ; 4 ; 0.0 ; 0.501960813999176 ; 0.0
Barre ; 14 ; 0 ; 0 ; 4 ; 9 ; 0.0 ; 0.501960813999176 ; 0.0
Barre ; 15 ; 0 ; 0 ; 9 ; 5 ; 0.0 ; 0.501960813999176 ; 0.0
Barre ; 16 ; 0 ; 0 ; 5 ; 10 ; 0.0 ; 0.501960813999176 ; 0.0
Barre ; 17 ; 0 ; 0 ; 10 ; 6 ; 0.0 ; 0.501960813999176 ; 0.0
Barre ; 18 ; 0 ; 0 ; 6 ; 11 ; 0.0 ; 0.501960813999176 ; 0.0
Barre ; 19 ; 0 ; 0 ; 11 ; 7 ; 0.0 ; 0.501960813999176 ; 0.0
Cout ; 8129073
FIN